image_width: 1000
image_height: 1000
camera_name: imperx_3
camera_matrix:
  rows: 3
  cols: 3
  data: [1118.443766, 0.000000, 475.358976, 0.000000, 1120.409574, 510.024521, 0.000000, 0.000000, 1.000000]
distortion_model: plumb_bob
distortion_coefficients:
  rows: 1
  cols: 5
  data: [-0.107075, 0.187715, 0.002101, -0.001679, 0.000000]
rectification_matrix:
  rows: 3
  cols: 3
  data: [1.000000, 0.000000, 0.000000, 0.000000, 1.000000, 0.000000, 0.000000, 0.000000, 1.000000]
projection_matrix:
  rows: 3
  cols: 4
  data: [1106.073486, 0.000000, 474.304701, 0.000000, 0.000000, 1107.042725, 511.699249, 0.000000, 0.000000, 0.000000, 1.000000, 0.000000]