image_width: 1000
image_height: 1000
camera_name: imperx_1
camera_matrix:
  rows: 3
  cols: 3
  data: [1109.198349, 0.000000, 478.228449, 0.000000, 1111.826251, 506.802877, 0.000000, 0.000000, 1.000000]
distortion_model: plumb_bob
distortion_coefficients:
  rows: 1
  cols: 5
  data: [-0.116831, 0.278183, -0.000415, -0.000681, 0.000000]
rectification_matrix:
  rows: 3
  cols: 3
  data: [1.000000, 0.000000, 0.000000, 0.000000, 1.000000, 0.000000, 0.000000, 0.000000, 1.000000]
projection_matrix:
  rows: 3
  cols: 4
  data: [1108.648560, 0.000000, 478.557978, 0.000000, 0.000000, 1111.663452, 506.147828, 0.000000, 0.000000, 0.000000, 1.000000, 0.000000]