image_width: 1000
image_height: 1000
camera_name: imperx_2
camera_matrix:
  rows: 3
  cols: 3
  data: [1115.147201, 0.000000, 496.608724, 0.000000, 1113.296076, 517.327107, 0.000000, 0.000000, 1.000000]
distortion_model: plumb_bob
distortion_coefficients:
  rows: 1
  cols: 5
  data: [-0.105221, 0.160739, 0.003252, -0.004370, 0.000000]
rectification_matrix:
  rows: 3
  cols: 3
  data: [1.000000, 0.000000, 0.000000, 0.000000, 1.000000, 0.000000, 0.000000, 0.000000, 1.000000]
projection_matrix:
  rows: 3
  cols: 4
  data: [1100.011230, 0.000000, 492.820159, 0.000000, 0.000000, 1099.356689, 520.063032, 0.000000, 0.000000, 0.000000, 1.000000, 0.000000]