image_width: 1000
image_height: 1000
camera_name: imperx_4
camera_matrix:
  rows: 3
  cols: 3
  data: [1118.388020, 0.000000, 460.918142, 0.000000, 1118.392649, 540.824691, 0.000000, 0.000000, 1.000000]
distortion_model: plumb_bob
distortion_coefficients:
  rows: 1
  cols: 5
  data: [-0.118167, 0.242245, 0.001667, -0.000913, 0.000000]
rectification_matrix:
  rows: 3
  cols: 3
  data: [1.000000, 0.000000, 0.000000, 0.000000, 1.000000, 0.000000, 0.000000, 0.000000, 1.000000]
projection_matrix:
  rows: 3
  cols: 4
  data: [1111.291870, 0.000000, 461.506279, 0.000000, 0.000000, 1111.766113, 540.858238, 0.000000, 0.000000, 0.000000, 1.000000, 0.000000]