image_width: 2560
image_height: 2048
camera_name: jai_5000_m
camera_matrix:
  rows: 3
  cols: 3
  data: [1646.723347, 0.000000, 1257.230668, 0.000000, 1645.935317, 1024.329136, 0.000000, 0.000000, 1.000000]
distortion_model: plumb_bob
distortion_coefficients:
  rows: 1
  cols: 5
  data: [-0.163820, 0.092511, 0.000047, -0.000548, 0.000000]
rectification_matrix:
  rows: 3
  cols: 3
  data: [1.000000, 0.000000, 0.000000, 0.000000, 1.000000, 0.000000, 0.000000, 0.000000, 1.000000]
projection_matrix:
  rows: 3
  cols: 4
  data: [1537.129150, 0.000000, 1256.559095, 0.000000, 0.000000, 1557.798828, 1024.464662, 0.000000, 0.000000, 0.000000, 1.000000, 0.000000]
