image_width: 2560
image_height: 2048
camera_name: jai_5000_c
camera_matrix:
  rows: 3
  cols: 3
  data: [1243.487137, 0.000000, 1283.375525, 0.000000, 1242.409574, 1023.330042, 0.000000, 0.000000, 1.000000]
distortion_model: plumb_bob
distortion_coefficients:
  rows: 1
  cols: 5
  data: [-0.135865, 0.055695, -0.000316, 0.002151, 0.000000]
rectification_matrix:
  rows: 3
  cols: 3
  data: [1.000000, 0.000000, 0.000000, 0.000000, 1.000000, 0.000000, 0.000000, 0.000000, 1.000000]
projection_matrix:
  rows: 3
  cols: 4
  data: [1176.668457, 0.000000, 1292.052580, 0.000000, 0.000000, 1178.584229, 1022.257163, 0.000000, 0.000000, 0.000000, 1.000000, 0.000000]
